$ANSIBLE_VAULT;1.1;AES256
63393336623664613065646663666238326261303533356237346264393230323530666635393365
6533623961313761373732613130363765633263636532610a376433656331343239333931336436
36396266373464393336653634306233636533633135396165353835306466343234613162356232
6639626136373336360a386638623237376431646439303034343265343063376364383037633934
30393936663036376435336130373633303037343235613766383732633234616562356562653033
38623766663739366634356639353262346462613263633633353536366334353465306362376161
39653465336362303164646431306330643530356662383130313430336464656435616538666339
66363533326439306334653631333365313036613465333235656435346135613934613134643030
62633535386266366565313230363361646432646365643531353561326534376238383838663664
31346233386633613563363730646364643233636466656361333062636339353666646131626336
37373236643566336637386366313536616530386534663338656232616662373563346439613262
62386336333937356331353839363939306666633265303663333230623937313964303933373666
36366636376462313561336134323639653635363837303361626632373633346433366635376239
65613364333561616261613263376166613739616134303039623037356665663666303464616132
39303833656432326336633961616235346230663838666464343264353536353463386330633530
36633866386533656633323363326537353665366132663563326163376436386536346335626663
31636561613636653162653937393066363034626162663162363730346435623838633035373537
35376137333865343938323661353634336237306139316436373533316564323837313663366636
346435353436633661343430363632326364
